100
2 1
500 300
900
660
2 1
500 300
1500
809
2 2
50 100
450 449
1100 1101
2 1
500 300
300
500
1 8
10
11 13 17 11 16 14 12 18
2 8
4 9
7188 6516 6595 6877 7137 7964 7482 7498
16081 17919 15843 16173 14824 16777 16415 14661
1 1
1
2
2 8
9 7
10627 16263 14938 13500 3795 810 1672 12043
10500 10966 8385 9978 770 1379 11184 2995
2 8
4 2
8 32 12 8 26 15 15 44
8 8 16 18 15 4 6 4
2 8
1 1
603 660 559 617 543 603 645 579
620 603 587 645 557 608 603 540
2 5
746428 26291
938157 966662 522338 662374 891030
927587 990124 995038 761767 752817
2 4
6 2
8400 7463 15094 10249
3345 2490 2800 5205
2 8
176023 68161
386605 394533 979052 548721 991117 729031 615577 516186
778101 874638 93380 999556 305493 852253 511837 357091
1 7
4
44 24 36 28 20 22 8
2 4
4 10
24 8 29 44
90 20 60 75
1 2
177714
923220 729250
1 5
6
12 18 11 28 66
2 8
828110 134734
936775 853034 168960 888021 695226 824125 617255 733226
211981 657075 603965 972970 691397 965891 948624 541781
2 1
6 1
540
110
2 8
9 10
3767 3583 3504 3874 3371 3600 3240 3660
4342 3740 4400 4146 4324 3650 4368 4000
2 8
7 7
21 77 63 52 32 23 13 37
52 19 77 36 13 35 63 21
1 5
2
4350 4074 4620 4210 4394
1 8
2
4800 2727 3080 1606 192 3080 5113 202
2 4
6 9
13577 12960 15760 13980
23760 19799 22944 20779
1 2
156456
635564 190371
1 3
2
781 790 720
1 8
9
64 81 81 72 9 29 43 43
2 6
9 10
9 81 9 9 9 99
90 10 9 9 10 110
2 8
6 4
3780 4372 3874 4610 4317 3861 4159 4200
2741 3080 2881 2984 2561 2800 2553 2679
1 3
10
18000 19095 20112
2 2
321650 222900
899489 724878
885067 284787
2 5
49282 103900
432182 845060 639365 876529 637590
918968 903738 893702 764052 494305
1 8
10
6 5 7 4 1 2 3 8
1 4
5
7231 10137 8500 9911
2 8
2 2
12 13 22 12 17 12 2 15
13 12 17 18 2 12 16 12
1 7
6
6 6 54 6 6 54 6
2 2
3 10
330 566
900 1801
2 1
10 5
16425
8171
2 4
91770 189386
741913 554287 801758 666625
849934 909914 960523 974624
2 2
3 2
300 540
440 200
2 8
3 5
3510 300 4681 4200 7821 6941 5280 2440
7000 11930 7200 500 12088 8331 4604 7150
1 3
3
6930 3096 934
2 8
78177 44362
661748 811164 886243 908202 990283 796178 408770 832762
899073 448806 682696 745863 524802 774594 866120 982072
2 1
1 3
995
2985
2 5
4057 53234
916386 626773 908743 904244 925838
429431 785465 986855 898374 874618
1 5
235412
821398 890597 877680 675724 999864
1 5
9
11433 5713 2700 12158 14580
2 3
10 2
900 3003 2134
220 382 622
1 2
4
8138 8800
1 7
2
2804 2790 3003 2776 2520 2642 2707
1 8
6
66 6 6 6 6 6 54 6
2 4
6 6
3300 2936 3254 3000
3228 3000 2700 2921
1 5
4
3960 8237 7907 8395 7600
1 6
8
19360 7574 16040 8800 6522 15568
1 4
5
9 15 35 55
1 7
2
3300 2704 3183 3000 3000 3075 3300
2 2
4 1
423 374
100 101
2 2
3 7
33 26
63 60
1 4
9
67 27 81 76
1 3
8
1760 800 2160
1 1
4
3299
2 3
8 5
1600 1509 1666
933 1043 1000
2 3
1 7
209 94 300
1447 2100 687
2 1
7 10
7132
10145
2 3
3 4
591 330 900
360 1200 770
2 2
2 4
400 180
440 800
2 4
6 10
3240 3555 3351 3889
5816 6600 5490 6155
1 7
7
3500 4620 770 2557 1487 5130 2068
1 8
2
12 8 15 12 22 16 16 15
2 7
8 7
5211 6160 6118 5272 5600 5305 5040
5146 4410 4900 5390 4634 4832 5088
2 8
4 3
7445 6892 8360 6840 7074 8170 7554 7600
6270 5906 5384 5700 5826 5398 5130 5473
1 8
7
1406 2287 13201 10080 13860 13300 13300 13022
1 6
3
33 6 33 20 15 9
2 8
10 8
11 10 110 11 11 90 9 10
8 8 8 8 88 8 72 8
2 6
1 8
298 330 294 303 276 301
2486 2160 2590 2384 2400 2192
2 8
8 6
4000 5225 2618 6787 1465 3240 720 4320
4864 1881 2537 3960 3000 660 4098 1187
1 4
150918
999230 434233 999539 618824
1 8
8
880 18400 18152 3520 1600 20504 859 10103
1 5
3
2293 2632 2629 2640 2400
1 5
2
965 440 785 600 212
1 8
1
726 107 550 630 301 400 666 189
2 2
1 5
2387 2500
12500 11430
1 8
4
8000 6992 6129 830 4400 7200 7920 4186
2 8
9 7
2805 1744 856 5020 4500 6434 3240 7367
1426 673 4144 3500 6026 2263 4907 3080
2 8
1 9
1 1 1 9 1 1 1 1
99 9 9 9 9 9 9 9
1 2
7665
955035 899536
1 8
6
40 66 30 19 24 54 34 6
2 8
1 1
1000000 999999 999998 999997 999996 999995 999994 999993
999992 999991 999990 999989 999988 999987 999986 999985
2 7
4 1
4 4 4 4 4 4 44
1 1 1 9 1 1 1
2 4
6 5
1225 1127 1386 1176
1024 980 940 945
2 6
10 4
12531 11790 12618 13835 14309 13000
5200 5061 5581 5692 5764 4752
2 6
95635 413433
986492 46649 947989 967533 235067 983981
528667 948842 799844 540040 732007 823457
2 5
9 10
6775 6291 6017 6930 6458
6990 7297 6300 6448 7556
2 6
122684 465365
114804 376088 967645 989129 976699 750361
734423 899068 392934 963038 601320 992500
1 4
164370
922453 985078 447566 883238
2 8
8 1
6510 3600 800 2497 3153 4800 1501 5175
550 182 600 801 664 325 371 100
1 3
1000000
900000 900001 899999
2 4
10 10
9000 15520 16200 10369
9355 15340 9000 19800
2 7
4 8
7626 4400 2992 7600 413 10000 366
15200 846 816 7200 20000 14667 5089
2 3
7 5
6601 6300 6651
5082 5500 4867
